<?xml version="1.0"?>
<opencv_storage>
<calibration_Time>"Tue Nov  6 21:46:02 2012"</calibration_Time>
<nrOfFrames>5</nrOfFrames>
<image_Width>640</image_Width>
<image_Height>480</image_Height>
<board_Width>7</board_Width>
<board_Height>5</board_Height>
<square_Size>50.</square_Size>
<FixAspectRatio>1.</FixAspectRatio>
<!-- flags:  +fix_aspectRatio +fix_principal_point +zero_tangent_dist -->
<flagValue>14</flagValue>
<Camera_Matrix type_id="opencv-matrix">
  <rows>3</rows>
  <cols>3</cols>
  <dt>d</dt>
  <data>
    3.9159612622738707e+04 0. 3.1950000000000000e+02 0.
    3.9159612622738707e+04 2.3950000000000000e+02 0. 0. 1.</data></Camera_Matrix>
<Distortion_Coefficients type_id="opencv-matrix">
  <rows>5</rows>
  <cols>1</cols>
  <dt>d</dt>
  <data>
    -6.7856726339458490e+01 -2.8432226670911831e+02 0. 0.
    1.4055500063605730e+04</data></Distortion_Coefficients>
<Avg_Reprojection_Error>7.1558007447145877e-01</Avg_Reprojection_Error>
<Per_View_Reprojection_Errors type_id="opencv-matrix">
  <rows>5</rows>
  <cols>1</cols>
  <dt>f</dt>
  <data>
    7.46579349e-01 6.45181894e-01 6.78908944e-01 7.46704519e-01
    7.53756523e-01</data></Per_View_Reprojection_Errors>
<!-- a set of 6-tuples (rotation vector + translation vector) for each view -->
<Extrinsic_Parameters type_id="opencv-matrix">
  <rows>5</rows>
  <cols>6</cols>
  <dt>d</dt>
  <data>
    -3.7638678439796619e-01 -1.0827399049241305e-02
    -5.9624923943277508e-02 -1.5766788255446892e+02
    -9.2105680702110504e+01 2.3936790007573862e+04
    -3.7741691734301269e-01 -4.4384802183738128e-03
    -1.7311270705935501e-02 -1.4263168536301569e+02
    -9.6481320510072294e+01 2.3929691245744838e+04
    -3.7698421064264864e-01 -7.6195581904265116e-03
    -3.2427379662608329e-02 -1.4720129677846541e+02
    -9.5146471947302530e+01 2.3907869832021213e+04
    -3.7671030465951572e-01 -8.1561775421116998e-03
    -4.4057018844890730e-02 -1.5110549799870759e+02
    -9.7242555949266389e+01 2.3917336152593336e+04
    -3.7793555022912173e-01 -8.7290372460452296e-03
    -4.4065052690151305e-02 -1.5109706137828331e+02
    -9.7187064812746982e+01 2.3919888627011798e+04</data></Extrinsic_Parameters>
<Image_points type_id="opencv-matrix">
  <rows>5</rows>
  <cols>35</cols>
  <dt>"2f"</dt>
  <data>
    6.34753380e+01 9.05019836e+01 1.43301651e+02 8.52452393e+01
    2.24721085e+02 8.04284134e+01 3.05920654e+02 7.53743210e+01
    3.88317474e+02 7.01815567e+01 4.69225037e+02 6.55857620e+01
    5.51186707e+02 6.06745529e+01 6.78829651e+01 1.65595749e+02
    1.47612946e+02 1.60503403e+02 2.29454025e+02 1.55850861e+02
    3.10651306e+02 1.50686478e+02 3.93260803e+02 1.46285004e+02
    4.74451691e+02 1.41828201e+02 5.55975769e+02 1.37053848e+02
    7.26914749e+01 2.40602249e+02 1.52884140e+02 2.35817520e+02
    2.34387085e+02 2.31436356e+02 3.15928772e+02 2.26476761e+02
    3.97827789e+02 2.22274979e+02 4.79411346e+02 2.17948196e+02
    5.60885193e+02 2.13028290e+02 7.73578110e+01 3.16164093e+02
    1.57936935e+02 3.11815857e+02 2.39132935e+02 3.07457581e+02
    3.20721619e+02 3.02774323e+02 4.02858032e+02 2.98659363e+02
    4.85272736e+02 2.93994171e+02 5.66837463e+02 2.89637390e+02
    8.18366547e+01 3.91278229e+02 1.62373169e+02 3.87657288e+02
    2.43784103e+02 3.83292114e+02 3.25623749e+02 3.78761505e+02
    4.07694855e+02 3.74757721e+02 4.90122437e+02 3.70179352e+02
    5.71668701e+02 3.66133392e+02 8.71648102e+01 8.30991211e+01
    1.67891174e+02 8.11523819e+01 2.49240097e+02 7.92466049e+01
    3.31218231e+02 7.74792862e+01 4.13473083e+02 7.58009109e+01
    4.95090485e+02 7.48544922e+01 5.76102356e+02 7.39645691e+01
    8.85236511e+01 1.58665344e+02 1.69121735e+02 1.57004776e+02
    2.50777786e+02 1.55202698e+02 3.32703522e+02 1.53562653e+02
    4.14866394e+02 1.52246918e+02 4.96346893e+02 1.51028046e+02
    5.77866394e+02 1.50078079e+02 9.00074997e+01 2.33834412e+02
    1.70894806e+02 2.32467789e+02 2.52216507e+02 2.31085632e+02
    3.34052979e+02 2.29600922e+02 4.16106384e+02 2.28208435e+02
    4.97670715e+02 2.26973572e+02 5.79171509e+02 2.25763748e+02
    9.14989700e+01 3.09300629e+02 1.72313095e+02 3.08397980e+02
    2.53644638e+02 3.07189911e+02 3.35402496e+02 3.05995300e+02
    4.17574249e+02 3.04766388e+02 4.99980652e+02 3.03501068e+02
    5.81839172e+02 3.02302155e+02 9.23802261e+01 3.84673096e+02
    1.73226608e+02 3.84001862e+02 2.54733047e+02 3.83216278e+02
    3.36717865e+02 3.82105072e+02 4.18968536e+02 3.81022858e+02
    5.01169739e+02 3.79938660e+02 5.83351685e+02 3.78780121e+02
    7.95195770e+01 8.52031708e+01 1.60049210e+02 8.21174011e+01
    2.41705399e+02 7.87719269e+01 3.23719208e+02 7.60388031e+01
    4.05872528e+02 7.35699768e+01 4.87608337e+02 7.08619614e+01
    5.68960266e+02 6.85555954e+01 8.20786209e+01 1.60638351e+02
    1.62804443e+02 1.58104980e+02 2.44266296e+02 1.55080933e+02
    3.26310730e+02 1.52144302e+02 4.08605408e+02 1.50101059e+02
    4.90243530e+02 1.47486130e+02 5.71824829e+02 1.45000854e+02
    8.48961868e+01 2.35930435e+02 1.65791321e+02 2.33447586e+02
    2.47067535e+02 2.30983795e+02 3.29000427e+02 2.28139465e+02
    4.11090515e+02 2.25797180e+02 4.92668549e+02 2.23597824e+02
    5.74292847e+02 2.20976288e+02 8.76722794e+01 3.11513397e+02
    1.68454346e+02 3.09107666e+02 2.49778229e+02 3.07104553e+02
    3.31518982e+02 3.04620728e+02 4.13784515e+02 3.02198364e+02
    4.96217529e+02 3.00019989e+02 5.77951721e+02 2.97858337e+02
    8.98599472e+01 3.87153412e+02 1.70598648e+02 3.85015869e+02
    2.52255173e+02 3.83133453e+02 3.34286438e+02 3.80778290e+02
    4.16331207e+02 3.78367523e+02 4.98925171e+02 3.76137848e+02
    5.80807434e+02 3.74248291e+02 7.39915009e+01 8.23774414e+01
    1.53587326e+02 7.75142822e+01 2.35090347e+02 7.37296906e+01
    3.17083954e+02 7.00349884e+01 3.99249908e+02 6.65167389e+01
    4.81022034e+02 6.28843765e+01 5.62222656e+02 5.98773689e+01
    7.69207916e+01 1.57385406e+02 1.57438339e+02 1.53331314e+02
    2.38840225e+02 1.50066376e+02 3.20643127e+02 1.46001816e+02
    4.02863312e+02 1.42922577e+02 4.84450684e+02 1.39313995e+02
    5.66015503e+02 1.35798447e+02 8.03730240e+01 2.32520554e+02
    1.61123489e+02 2.28775726e+02 2.42485489e+02 2.25366776e+02
    3.24327545e+02 2.22025024e+02 4.06373199e+02 2.18714493e+02
    4.87890686e+02 2.15488220e+02 5.69744446e+02 2.11984375e+02
    8.40636749e+01 3.08147827e+02 1.64678268e+02 3.04840515e+02
    2.46071274e+02 3.01308472e+02 3.27830994e+02 2.98423218e+02
    4.10012695e+02 2.94983582e+02 4.92505249e+02 2.91983582e+02
    5.74201843e+02 2.88632599e+02 8.75172806e+01 3.83325104e+02
    1.68002914e+02 3.80623077e+02 2.49492813e+02 3.77402863e+02
    3.31454041e+02 3.74492249e+02 4.13512909e+02 3.71177094e+02
    4.96105042e+02 3.68271515e+02 5.77957703e+02 3.65280579e+02
    7.39917603e+01 8.24323425e+01 1.53524673e+02 7.74820251e+01
    2.35053497e+02 7.36778412e+01 3.17084473e+02 7.01620712e+01
    3.99045166e+02 6.73833237e+01 4.80611938e+02 6.32029228e+01
    5.62294617e+02 5.98463974e+01 7.70627975e+01 1.57457397e+02
    1.57617050e+02 1.53456924e+02 2.38855133e+02 1.50105972e+02
    3.20650787e+02 1.45970596e+02 4.02957458e+02 1.42792557e+02
    4.84438904e+02 1.39439041e+02 5.66077332e+02 1.35822510e+02
    8.05325470e+01 2.32610260e+02 1.61271027e+02 2.28831711e+02
    2.42496094e+02 2.25380249e+02 3.24359833e+02 2.22024628e+02
    4.06519440e+02 2.18706360e+02 4.88294952e+02 2.15465103e+02
    5.69908813e+02 2.12017639e+02 8.41585236e+01 3.08126831e+02
    1.64735367e+02 3.04880585e+02 2.46180466e+02 3.01314514e+02
    3.27847778e+02 2.98411530e+02 4.10022797e+02 2.95075745e+02
    4.92559692e+02 2.92102875e+02 5.74310181e+02 2.88770447e+02
    8.75258484e+01 3.83282562e+02 1.67985168e+02 3.80617828e+02
    2.49512268e+02 3.77338928e+02 3.31459961e+02 3.74446777e+02
    4.13424377e+02 3.71022278e+02 4.95964508e+02 3.68195587e+02
    5.77861694e+02 3.65282990e+02</data></Image_points>
</opencv_storage>
