<?xml version="1.0"?>
<opencv_storage>
<calibration_Time>"Tue Nov  6 23:06:13 2012"</calibration_Time>
<nrOfFrames>25</nrOfFrames>
<image_Width>160</image_Width>
<image_Height>120</image_Height>
<board_Width>3</board_Width>
<board_Height>3</board_Height>
<square_Size>20.</square_Size>
<FixAspectRatio>1.</FixAspectRatio>
<!-- flags:  +fix_aspectRatio +fix_principal_point +zero_tangent_dist -->
<flagValue>14</flagValue>
<Camera_Matrix type_id="opencv-matrix">
  <rows>3</rows>
  <cols>3</cols>
  <dt>d</dt>
  <data>
    4.9007431775780043e+02 0. 7.9500000000000000e+01 0.
    4.9007431775780043e+02 5.9500000000000000e+01 0. 0. 1.</data></Camera_Matrix>
<Distortion_Coefficients type_id="opencv-matrix">
  <rows>5</rows>
  <cols>1</cols>
  <dt>d</dt>
  <data>
    1.5644299524844476e+01 -1.9016085370922153e+03 0. 0.
    7.3837829620932782e+04</data></Distortion_Coefficients>
<Avg_Reprojection_Error>1.4736409449774504e+00</Avg_Reprojection_Error>
<Per_View_Reprojection_Errors type_id="opencv-matrix">
  <rows>25</rows>
  <cols>1</cols>
  <dt>f</dt>
  <data>
    3.91102076e-01 2.94501603e-01 3.91147822e-01 2.95881242e-01
    3.93484801e-01 3.92887056e-01 3.03118378e-01 3.01794142e-01
    4.77411538e-01 5.14645219e-01 3.62178832e-01 9.27315652e-01
    1.04883182e+00 2.78670049e+00 3.83336782e-01 5.42671621e-01
    2.87105560e-01 3.88759762e-01 9.99315977e-01 5.28115940e+00
    3.35648870e+00 9.71513391e-01 3.88629407e-01 7.66033292e-01
    6.75620556e-01</data></Per_View_Reprojection_Errors>
<!-- a set of 6-tuples (rotation vector + translation vector) for each view -->
<Extrinsic_Parameters type_id="opencv-matrix">
  <rows>25</rows>
  <cols>6</cols>
  <dt>d</dt>
  <data>
    1.1480269482852871e-01 5.5103828688021617e-01
    -2.4285044891244945e+00 2.6985421250938010e+01
    2.8801444896280000e+01 4.9701047972451528e+02
    -4.0519797623575654e-01 1.3680291533014993e-01
    6.5880240520143407e-01 -1.1483390276776287e+01
    -4.5420171187709499e+01 4.9587569051841575e+02
    1.1413718459073779e-01 5.5063711610937638e-01
    -2.4286371877126727e+00 2.6990857813672317e+01
    2.8810134247088065e+01 4.9705401158975195e+02
    -1.7461190500437226e-01 -5.1830559145898036e-01
    -2.4271292899872456e+00 -4.8553324903649786e+00
    5.9077090952664708e+00 4.7297214435136283e+02 1.1420960511709473e-01
    5.5118690594851993e-01 -2.4280614769799334e+00
    2.6959354805450683e+01 2.8846260694809700e+01 4.9714859798903541e+02
    1.1276605595567336e-01 5.5112036999812131e-01
    -2.4284122981819110e+00 2.6983264005251701e+01
    2.8840072951783508e+01 4.9725658975044632e+02
    -4.0532714134641351e-01 1.3709012181443583e-01
    6.5893903675594312e-01 -1.1497676209123187e+01
    -4.5368504437963843e+01 4.9587573322723722e+02
    -4.0565000852259708e-01 1.3746386032891753e-01
    6.5876430826647514e-01 -1.1504659426532296e+01
    -4.5352183517508351e+01 4.9577351539742136e+02
    -3.6578011444347502e-01 2.0809758462413461e-01
    6.4518943732442435e-01 -7.0116561288414498e+00
    -4.2697499515794412e+01 5.8252239694919444e+02
    -4.1577120487535030e-01 -1.7947836400785427e-01
    -9.0866111853200393e-01 -2.4684200796286621e+01
    -1.0870801544328753e+01 6.2641617435971295e+02
    -4.3495451710810151e-01 1.2945474072163082e-01
    6.3780803679428388e-01 -3.6239959896024622e+01
    -5.4544635447075144e+01 6.1477944645949117e+02
    -2.1145026001140729e-01 3.4055682452479730e-01
    6.3876390280140216e-01 -2.3295054381721688e+01
    -1.4866044544565101e+01 6.4015317332863697e+02
    -3.6041833412612040e-01 1.4067297754434757e-01
    -8.5881214480705248e-01 -7.3051488252154712e+01
    1.7693035925358668e+01 6.5642333041260179e+02
    -6.5259643529263289e-01 -7.0108353314088390e-01
    -2.3050006077168828e+00 -1.0495778089472225e+01
    -7.0717293927334079e+00 5.0886999711719170e+02
    -4.6101517230681832e-01 1.0513658055424498e-01
    6.9483323868861635e-01 -2.5785252394081915e+01
    -4.4669195275635076e+01 6.4649055315517967e+02
    4.0899573786492183e-01 1.8642533370996986e-01
    -8.7692816010617047e-01 -2.2215923387021192e+01
    2.3131604977616391e+01 5.9999433780183085e+02
    -2.5276704852949533e-01 -6.0053758968712867e-01
    -2.4133420562441033e+00 -8.6379261372281384e+00
    5.5153935846511306e+00 5.5999514471440216e+02
    -3.1039962089975870e-01 1.8113416043512942e-01
    6.7402214108965108e-01 -2.6708010400147810e+01
    -5.3801501472690852e+01 6.0442244975043138e+02
    -3.5269782758801865e-01 3.4092806605926390e-01
    6.9260906421473589e-01 -1.5268350184981900e+01
    -4.7931946049245695e+01 6.6027379726580250e+02
    4.1039902850103543e-01 7.3466301718652316e-01 6.7271909157383269e-01
    -2.0694646561066068e+00 -3.7692252078673931e+01
    4.1760906608269295e+02 5.5329912003545456e-01
    -1.0476042479688381e+00 6.5144319128790151e-01
    -2.3580830621838395e+01 -7.1807847895099812e+01
    8.6103380145869653e+02 -3.8030990151620886e-01
    3.0079456007018972e-03 -8.6097825637267511e-01
    -8.2308634983667673e+01 -4.8217224218420514e+00
    6.7007931940878018e+02 -4.9323931309720748e-01
    1.2868727593439830e-01 7.2571782838876187e-01
    -3.0864558451109442e+01 -4.7105450391099467e+01
    6.5000320100152260e+02 -4.9195805681655014e-01
    2.8614298805881710e-01 7.4469656079421842e-01 1.2911307559317002e+01
    -6.9281343271189414e+01 6.9546709300854695e+02
    -4.5652051603951610e-01 8.5691058263340614e-02
    6.9522832556632685e-01 -4.1043538462759983e+01
    -3.0330116820557006e+01 6.7049785510188542e+02</data></Extrinsic_Parameters>
