%YAML:1.0
calibration_time: "Tue Nov  6 21:25:16 2012"
nframes: 5
image_width: 640
image_height: 480
board_width: 7
board_height: 5
square_size: 2.5000000372529030e-02
flags: 0
camera_matrix: !!opencv-matrix
   rows: 3
   cols: 3
   dt: d
   data: [ 2.3800724450804473e+03, 0., 3.0578627220083126e+02, 0.,
       2.1965710015232416e+03, 1.1928435783904331e+02, 0., 0., 1. ]
distortion_coefficients: !!opencv-matrix
   rows: 5
   cols: 1
   dt: d
   data: [ -6.9814189679245831e-01, 1.3119172848077937e+01,
       1.9225321186580418e-02, -1.6077196484852868e-02,
       1.6484691761099430e+00 ]
avg_reprojection_error: 3.8130940028599331e-01
per_view_reprojection_errors: !!opencv-matrix
   rows: 5
   cols: 1
   dt: f
   data: [ 4.02320087e-01, 3.48026395e-01, 3.68634909e-01,
       3.85398209e-01, 4.02167410e-01 ]
# a set of 6-tuples (rotation vector + translation vector) for each view
extrinsic_parameters: !!opencv-matrix
   rows: 5
   cols: 6
   dt: f
   data: [ 4.85625534e+01, 7.84727140e-43, 0., 0., 1.40129846e-45,
       2.50000004e-02, 0., 0., 1.40129846e-45, 4.90454463e-44, 0.,
       5.00000007e-02, 1.12103877e-43, 0., 1.12103877e-43, 0.,
       1.12613098e-37, 0., 1.12612380e-37, 0., 4.85625229e+01,
       6.72623263e-44, 0., 0., 1.40129846e-45, 1.25000000e-01, 0., 0.,
       9.80908925e-44, 8.40779079e-45 ]
image_points: !!opencv-matrix
   rows: 5
   cols: 35
   dt: "2f"
   data: [ 6.34860458e+01, 9.04974823e+01, 1.43301559e+02,
       8.52464752e+01, 2.24718353e+02, 8.04311218e+01, 3.05921875e+02,
       7.53731995e+01, 3.88320465e+02, 7.01836929e+01, 4.69221771e+02,
       6.55919495e+01, 5.51180786e+02, 6.06770668e+01, 6.78958282e+01,
       1.65601303e+02, 1.47612366e+02, 1.60508072e+02, 2.29457184e+02,
       1.55845459e+02, 3.10650299e+02, 1.50690063e+02, 3.93261169e+02,
       1.46285034e+02, 4.74451447e+02, 1.41826843e+02, 5.55975708e+02,
       1.37045959e+02, 7.26926575e+01, 2.40596725e+02, 1.52891251e+02,
       2.35815231e+02, 2.34387360e+02, 2.31439560e+02, 3.15928497e+02,
       2.26475906e+02, 3.97829132e+02, 2.22273682e+02, 4.79407776e+02,
       2.17948761e+02, 5.60901245e+02, 2.13023575e+02, 7.73632812e+01,
       3.16168030e+02, 1.57939056e+02, 3.11817596e+02, 2.39133224e+02,
       3.07460419e+02, 3.20718811e+02, 3.02776855e+02, 4.02858734e+02,
       2.98655273e+02, 4.85269806e+02, 2.93992004e+02, 5.66840454e+02,
       2.89635712e+02, 8.18340607e+01, 3.91275421e+02, 1.62373169e+02,
       3.87656616e+02, 2.43782028e+02, 3.83291138e+02, 3.25625488e+02,
       3.78765778e+02, 4.07691833e+02, 3.74759888e+02, 4.90127289e+02,
       3.70169830e+02, 5.71665527e+02, 3.66146149e+02, 8.71648102e+01,
       8.30989532e+01, 1.67887878e+02, 8.11580963e+01, 2.49240479e+02,
       7.92476501e+01, 3.31224030e+02, 7.74880066e+01, 4.13462402e+02,
       7.57950211e+01, 4.95084442e+02, 7.48638229e+01, 5.76096863e+02,
       7.39644394e+01, 8.85267715e+01, 1.58662201e+02, 1.69126755e+02,
       1.56984116e+02, 2.50770142e+02, 1.55203400e+02, 3.32702820e+02,
       1.53562866e+02, 4.14866272e+02, 1.52246719e+02, 4.96351898e+02,
       1.51017181e+02, 5.77866211e+02, 1.50077194e+02, 9.00156937e+01,
       2.33833099e+02, 1.70915146e+02, 2.32457489e+02, 2.52216232e+02,
       2.31098724e+02, 3.34066345e+02, 2.29595001e+02, 4.16075653e+02,
       2.28212555e+02, 4.97669495e+02, 2.26953674e+02, 5.79170288e+02,
       2.25770905e+02, 9.14938812e+01, 3.09300415e+02, 1.72314606e+02,
       3.08392975e+02, 2.53645172e+02, 3.07187042e+02, 3.35398773e+02,
       3.05963898e+02, 4.17583771e+02, 3.04768524e+02, 4.99981262e+02,
       3.03501373e+02, 5.81838135e+02, 3.02302399e+02, 9.23799210e+01,
       3.84676239e+02, 1.73228821e+02, 3.83981750e+02, 2.54726990e+02,
       3.83200104e+02, 3.36717285e+02, 3.82099823e+02, 4.18969177e+02,
       3.81004700e+02, 5.01172668e+02, 3.79934845e+02, 5.83347961e+02,
       3.78783112e+02, 7.95185699e+01, 8.52016983e+01, 1.60049133e+02,
       8.21267471e+01, 2.41702576e+02, 7.87695312e+01, 3.23720581e+02,
       7.60388947e+01, 4.05875519e+02, 7.35506058e+01, 4.87603333e+02,
       7.08594818e+01, 5.68945190e+02, 6.85457382e+01, 8.20898056e+01,
       1.60638062e+02, 1.62798386e+02, 1.58102997e+02, 2.44266525e+02,
       1.55096924e+02, 3.26311737e+02, 1.52149475e+02, 4.08618347e+02,
       1.50088318e+02, 4.90243652e+02, 1.47486389e+02, 5.71826843e+02,
       1.44980911e+02, 8.49317017e+01, 2.35937042e+02, 1.65788834e+02,
       2.33444183e+02, 2.47072113e+02, 2.31003036e+02, 3.28993347e+02,
       2.28146561e+02, 4.11087189e+02, 2.25797073e+02, 4.92658813e+02,
       2.23602722e+02, 5.74294067e+02, 2.20980438e+02, 8.76662445e+01,
       3.11506195e+02, 1.68442078e+02, 3.09066956e+02, 2.49769363e+02,
       3.07113708e+02, 3.31518921e+02, 3.04620758e+02, 4.13786804e+02,
       3.02192841e+02, 4.96218384e+02, 3.00033264e+02, 5.77958130e+02,
       2.97856384e+02, 8.98555374e+01, 3.87150330e+02, 1.70596848e+02,
       3.84998505e+02, 2.52249924e+02, 3.83118927e+02, 3.34286469e+02,
       3.80778687e+02, 4.16329071e+02, 3.78364685e+02, 4.98925873e+02,
       3.76128571e+02, 5.80806091e+02, 3.74246246e+02, 7.40015182e+01,
       8.23745728e+01, 1.53592712e+02, 7.75212555e+01, 2.35100494e+02,
       7.37320023e+01, 3.17063507e+02, 7.00235443e+01, 3.99249725e+02,
       6.65285492e+01, 4.81014465e+02, 6.28677483e+01, 5.62226318e+02,
       5.98797073e+01, 7.69363632e+01, 1.57386261e+02, 1.57423172e+02,
       1.53330643e+02, 2.38835846e+02, 1.50056473e+02, 3.20642181e+02,
       1.46006012e+02, 4.02863617e+02, 1.42924042e+02, 4.84437256e+02,
       1.39312576e+02, 5.66012756e+02, 1.35790817e+02, 8.03737640e+01,
       2.32518234e+02, 1.61125290e+02, 2.28775620e+02, 2.42490982e+02,
       2.25368286e+02, 3.24327576e+02, 2.22031616e+02, 4.06373505e+02,
       2.18714569e+02, 4.87895020e+02, 2.15489868e+02, 5.69741760e+02,
       2.11985565e+02, 8.40684662e+01, 3.08146637e+02, 1.64676514e+02,
       3.04843964e+02, 2.46075653e+02, 3.01306000e+02, 3.27829224e+02,
       2.98423615e+02, 4.09990601e+02, 2.94973663e+02, 4.92507050e+02,
       2.91982910e+02, 5.74200623e+02, 2.88633911e+02, 8.75182571e+01,
       3.83325714e+02, 1.68008621e+02, 3.80621307e+02, 2.49487793e+02,
       3.77402161e+02, 3.31455261e+02, 3.74494812e+02, 4.13514862e+02,
       3.71168762e+02, 4.96111877e+02, 3.68262024e+02, 5.77945435e+02,
       3.65277679e+02, 7.39975891e+01, 8.24394684e+01, 1.53508118e+02,
       7.74588776e+01, 2.35059235e+02, 7.36704636e+01, 3.17067078e+02,
       7.01641159e+01, 3.99056854e+02, 6.73804703e+01, 4.80600861e+02,
       6.32038078e+01, 5.62293091e+02, 5.98444099e+01, 7.70791626e+01,
       1.57455276e+02, 1.57617493e+02, 1.53460938e+02, 2.38856613e+02,
       1.50096802e+02, 3.20652466e+02, 1.45975723e+02, 4.02968414e+02,
       1.42791473e+02, 4.84444519e+02, 1.39443604e+02, 5.66091125e+02,
       1.35820374e+02, 8.05343246e+01, 2.32610291e+02, 1.61272522e+02,
       2.28827530e+02, 2.42496078e+02, 2.25384430e+02, 3.24359161e+02,
       2.22028458e+02, 4.06520386e+02, 2.18704819e+02, 4.88292175e+02,
       2.15470291e+02, 5.69937500e+02, 2.12006210e+02, 8.41585693e+01,
       3.08124420e+02, 1.64736694e+02, 3.04881714e+02, 2.46181091e+02,
       3.01307556e+02, 3.27843384e+02, 2.98409943e+02, 4.09994537e+02,
       2.95048096e+02, 4.92558685e+02, 2.92095032e+02, 5.74310364e+02,
       2.88770416e+02, 8.75267105e+01, 3.83282440e+02, 1.67973083e+02,
       3.80621521e+02, 2.49505264e+02, 3.77333618e+02, 3.31461121e+02,
       3.74447693e+02, 4.13424469e+02, 3.71003326e+02, 4.95977844e+02,
       3.68178040e+02, 5.77861328e+02, 3.65283997e+02 ]
